9836 4218 1635 7176 7826 3755 1090 1692 5922 9203 8608 1095 9195 1659 4611 8445 7231 3953 5024 6887 
7862 6592 3878 4232 4782 5007 3816 4176 7626 1273 7552 3814 1843 9187 990 9669 2942 8433 7713 5216 
7636 6321 2663 6832 7980 7275 1629 1563 1228 6654 4802 5443 9598 8680 6027 4381 3688 6195 4909 7666 
7468 8813 1480 9311 8001 8822 5332 7295 7255 3045 8864 4892 5718 1527 8076 50 5154 6057 7966 2735 
9063 2768 4530 8662 1449 557 9395 1489 6752 656 9155 572 9469 6987 6235 3822 5809 1567 1118 3065 
964 9982 4309 3034 7861 8737 3084 9368 4794 1050 8455 210 3819 2985 8872 1620 9894 4619 9461 2998 
5275 4968 3570 4744 1955 9805 8567 7764 7724 6037 7181 8688 6019 1490 1722 232 6579 1158 5952 7726 
2209 4407 7936 2380 3744 3160 352 9990 7779 9813 2988 3054 4781 6558 4150 3088 6363 2717 852 439 
8754 8034 9127 1125 5876 7201 7710 2456 8360 3662 182 6921 8070 4470 5653 8166 7630 6005 8157 5409 
2170 1145 4815 3303 4056 8965 6391 419 8035 7243 7211 6789 1629 6338 4267 7506 3540 1977 6314 8252 
5639 2848 5173 61 7318 826 8228 4948 3183 6385 6709 5353 3882 1524 8656 7938 6841 5047 4710 4876 
8642 1921 8018 6624 4611 2285 482 8151 614 6796 2755 6253 5996 7928 2667 3314 5106 895 8262 8289 
3632 1323 9994 3866 9199 8650 1805 6040 49 2867 7269 5044 4788 5287 1668 9399 3924 8502 3903 4538 
1650 3010 7143 7646 939 9810 960 2397 7057 5574 7039 7041 3249 7033 908 2448 2036 9065 4840 2085 
1932 2109 3481 3072 3748 1501 2471 7672 3 2726 2210 1653 5737 5706 5651 3028 5516 6611 1777 2574 
8537 8816 9615 1786 2202 523 4234 4238 5940 9075 2675 7872 7536 6157 944 1285 7658 9768 8957 4014 
8846 7520 2019 4583 3226 7671 3963 8742 4282 5741 7668 9172 909 7284 958 3111 4159 1545 7349 100 
620 6377 4324 8156 2534 5269 9441 6544 1389 4751 6910 235 8623 8930 1171 1849 6601 1486 6943 7235 
3579 964 6407 4489 8248 3718 3952 8759 5263 7654 5211 2235 4031 9536 391 2917 1157 6185 9461 2546 
7288 6372 9133 5911 1654 304 4112 8255 1791 7407 1842 1722 8371 8250 6211 2971 1968 164 8083 3583 
7818 3294 5818 8201 9182 2561 1118 339 5098 579 2885 2386 3303 8371 4649 4957 8675 5113 9564 6818 
2521 1407 8541 892 6009 1104 216 4329 7620 8299 7912 1790 7945 3730 9991 7128 2643 1109 7467 7742 
8041 6705 6480 7696 5076 1130 9006 103 6243 8570 6922 5116 6329 1815 2361 8690 9271 2577 3019 6892 
7228 931 8682 5173 1013 5026 2301 3657 6135 9769 7751 528 6474 4231 8225 1550 1713 7231 8005 4309 
2153 4927 9425 4835 3094 8138 3525 8718 715 6545 5610 4295 3828 644 9469 1194 5670 1770 1203 8158 
7891 8954 8686 4365 9537 6911 2267 1251 494 273 5560 9000 1552 1337 3835 999 9476 3712 9717 6543 
6609 1679 839 438 8675 308 7984 4346 2078 9187 8856 9970 4493 7542 687 4030 806 9307 5281 7652 
5932 7193 6652 7484 8531 6839 4835 8007 552 904 4550 7161 2583 5389 3951 1259 2049 1935 1957 480 
7474 813 450 1967 4707 7489 5998 1865 3148 1279 9518 9080 4825 2522 2917 3356 9362 7752 7715 6266 
8657 2265 9779 7592 4007 83 5203 6056 8370 7160 6536 5845 4325 3338 4164 5385 7180 162 7250 328 
7794 3120 9409 2619 5643 8678 2327 1357 6430 42 7623 1439 8659 3754 9032 2666 3837 587 5075 8560 
4100 1611 757 8425 1302 4921 162 8482 1436 7413 5162 5582 533 923 4553 2528 9601 6880 3885 2384 
6922 1508 3823 5581 1615 9207 4600 5452 9795 9675 364 3895 7638 1121 8672 8940 6043 8835 3774 7479 
2600 8937 3061 9485 9860 7614 2014 9462 846 2251 1846 7768 3760 2021 9701 1727 7581 4301 3531 3728 
3976 3896 7623 1615 5017 2647 6907 1060 7834 682 4891 6786 9619 4304 2624 9479 1918 4638 5293 9116 
6889 3491 6884 7001 5513 2938 5080 3094 7239 8612 6822 7568 2508 797 5535 7525 9796 8794 4938 3983 
9476 9829 769 5447 4134 3393 1279 2404 4383 6572 1521 7625 64 4757 978 1929 7695 6059 1375 1287 
4671 4549 5207 7179 1698 7094 1056 1494 5888 5994 5477 1717 2176 6247 7164 6310 5992 8443 5066 376 
1368 6587 8001 7784 7697 5331 9713 5392 1390 1088 3031 6061 1989 4590 9592 3687 1684 649 5181 3925 
2995 7011 5642 5171 9610 9158 7833 5602 3954 2900 5978 5322 9487 331 3106 3536 5663 2819 5281 3405 
259 8312 5819 2248 9255 5411 5935 939 2412 7468 1216 1760 4479 3210 6931 4089 2369 4765 6044 2675 
7665 8374 7997 3504 8706 1103 7041 721 274 2322 4126 6885 6986 9945 5485 6241 1709 7772 3533 473 
5240 4749 2233 6072 4312 9165 6513 3033 282 2557 5708 4299 932 3705 4155 5990 1160 1196 6711 7786 
9870 7189 4671 3209 3487 6508 5802 1548 4280 9335 2021 5872 437 4255 1944 4749 9772 4810 4134 54 
7367 9842 705 4651 9899 4860 641 7411 2409 3704 5197 8631 7246 6220 1840 7085 2728 7643 8633 7008 
3330 7006 2880 3767 1261 1177 4868 7385 5987 5354 7439 9706 5196 8144 710 1447 3005 1351 8858 1766 
1408 4055 397 5006 275 2238 2091 9355 6233 7076 6363 9563 4082 5596 9683 1696 6773 903 9081 9112 
6258 2873 5170 7806 1017 5880 9254 374 3584 8112 2140 1344 8520 8890 6350 5147 1128 4793 4503 7361 
1869 7218 3276 2303 2814 9311 3999 5939 215 3081 1403 6473 5954 2926 631 3323 8806 9885 50 8742 
4350 8542 86 9222 7432 2788 721 4912 3933 1576 8625 2154 8795 1902 4458 7961 1213 4809 253 7780 
7890 8008 605 196 934 1237 9872 6093 7474 9922 4835 8176 8464 1274 7398 2249 414 4472 7161 4348 
6048 5787 2854 1195 7689 7312 5509 5254 2122 2114 3035 6364 122 3640 6561 7409 1229 6433 3502 8704 
2707 4689 6880 7523 2315 631 9772 2730 1455 6934 3430 7503 9073 6284 5051 6762 9949 560 8368 8423 
2674 7755 4787 9148 7748 7700 6557 8977 485 59 4033 3192 1101 914 716 3416 7897 488 2498 5704 
3774 5928 3207 2847 8565 4610 5961 8514 5170 682 6937 4196 8437 8076 3345 6185 5777 9902 5163 6262 
6314 5548 9455 7415 6462 6523 831 711 7011 3330 6415 7138 5610 5975 9985 4175 585 2299 9041 2108 
2981 2330 6304 1418 407 6001 3956 6184 5904 5471 8798 2218 1019 8253 5985 3834 1128 6816 897 4492 
6498 3665 1630 2109 9640 7967 2636 6577 266 8030 5037 9599 360 7694 1018 767 3695 1326 3303 5951 
6797 2102 4521 7816 6707 506 1650 7836 3675 8900 2328 173 2565 310 8634 2205 8277 7623 5134 4896 
5653 6524 4495 2365 4218 1865 9485 4265 3191 2788 217 6340 1242 4738 509 4302 1597 8511 8490 5272 
7411 7170 5445 9976 7480 432 8533 2109 4407 20 3357 60 6544 7853 8777 762 6070 8262 5027 5614 
7403 1596 1954 4997 2687 2463 9299 4284 975 4141 9556 8386 1311 1353 4715 5143 8137 3248 3605 2544 
3268 6962 2604 9812 1167 7734 6926 7238 5996 8306 9204 3399 9902 1158 8397 8941 9974 4048 3225 949 
8190 2781 5687 5853 487 402 7349 8624 3651 954 1169 3271 4268 125 3084 5436 7859 6362 9026 208 
4668 8230 3607 923 5740 8356 9864 5714 2405 9442 3015 595 8575 5055 2800 9062 5457 149 4039 5460 
7455 1560 5084 1724 8037 4520 3512 2249 882 8890 2457 1903 3472 2416 9178 5564 773 9042 1279 3178 
4836 646 125 3412 5701 2925 8826 7511 3075 2865 9323 6882 777 4407 4958 8815 8927 4822 7416 9810 
3712 9873 8065 3536 8641 7243 9101 9414 2637 6732 2592 7474 7378 9069 886 9432 1995 9712 6943 1422 
8930 2618 8304 9707 7026 3263 4874 2305 8085 2290 8467 8150 8515 6532 1686 7157 3775 7139 6571 6413 
3871 5516 239 7602 4585 1125 7034 6580 7189 329 4354 2471 2947 2659 2179 6325 2274 7053 8631 6711 
9344 7098 4861 4211 3631 2900 1368 3758 39 7940 171 263 9808 6762 7865 4393 4239 1251 7326 1429 
1580 1680 3900 879 691 2431 7205 9317 5837 5836 6029 1533 2934 7242 5744 6565 142 7113 6676 6534 
1405 6847 6797 1213 9962 1014 1958 4201 2265 9284 5630 3845 7317 5883 1076 4360 4666 8281 3678 503 
4117 9707 2036 3404 6949 7781 6321 3444 1246 2997 9978 2651 6197 3127 3864 6159 4141 5822 360 6406 
1459 2343 6603 5128 4578 7679 9488 9244 5961 9518 6100 6430 9225 8136 6186 2527 2269 2508 2323 3515 
5505 2301 6166 8054 5428 6382 4213 5921 2205 926 2327 16 3269 5282 5144 4199 2961 984 3443 5274 
503 9543 8057 9728 4032 4243 8607 6301 6751 930 6169 8609 9583 2335 6663 1363 8718 7229 7284 7275 
8155 5963 7291 7776 1245 8787 1975 559 9771 1770 2185 274 7666 242 6355 1698 838 4962 4351 3941 
2245 520 2550 1828 9208 5566 9544 4278 2795 6828 1553 7302 2792 5196 5078 389 3983 7053 948 3754 
5175 3134 381 2841 9728 6736 891 566 8050 1595 4508 295 8467 3410 8476 7675 8976 8020 1953 8123 
4848 3506 5425 3992 5054 503 4382 9037 3908 1682 9144 5436 4816 9525 4629 897 2613 5521 1463 663 
3468 2323 959 1935 5734 5787 9611 1062 3807 7916 9186 5007 7775 4611 5352 2829 1467 9734 8219 1727 
7768 7363 7163 8937 3240 1793 9834 5853 3666 1297 2868 7134 3621 3827 9069 5707 5966 5032 6769 9773 
2949 5955 1133 724 6919 6485 3553 8386 2571 1772 113 339 5487 3629 9276 5079 5422 9110 7284 9088 
6760 153 6222 6733 332 1643 2440 6299 6676 9209 2424 9625 1517 3557 349 8436 6394 3902 3174 5317 
2027 9639 2009 3866 3268 1285 8946 5042 6748 6230 4130 9860 6383 6704 6593 3068 8348 5385 9367 5024 
4594 8143 4649 6111 1701 4998 899 4447 5252 425 9765 3631 65 1774 7498 9685 9411 6444 4728 2511 
9026 5210 2371 1762 1915 5316 4830 6615 701 549 1639 1648 8692 6288 4111 6745 7638 5011 1193 9242 
1788 7310 2874 1853 9084 372 7891 4847 6816 8971 7359 2194 4181 6082 3956 2448 7751 8786 9063 4804 
9335 702 6452 4380 3342 564 1125 7332 1927 2318 6575 3715 9628 9449 1921 5064 9821 6164 9912 2989 
5135 3623 1535 9316 6057 5492 8117 3808 630 7180 8613 6318 7883 5065 698 7577 1981 1823 4910 260 
494 1485 3976 122 7286 2249 1539 3459 8413 1451 2800 9900 1426 4335 5568 7483 9827 3685 1292 458 
866 6257 3128 5101 7674 3826 9030 9656 5649 3940 6268 6143 1777 244 2618 5415 8845 4157 8874 3610 
1960 1674 3510 3386 6010 5431 869 2189 9116 8513 8999 6334 1122 2127 7787 8797 5953 6818 4805 7955 
7110 1073 450 5240 7670 9420 655 2867 3577 9530 6478 1889 7556 6340 5275 9918 8123 2497 2108 7240 
7362 1107 9926 8485 9587 7714 7282 1892 4532 8439 9847 7994 9512 6650 3234 3534 6070 3890 6402 6000 
9772 9232 7889 3680 5572 9517 3599 3696 2014 2059 7288 9376 9518 7214 7861 9105 1280 1495 998 2164 
9934 7197 159 5799 199 9745 9333 6270 3635 5735 8622 9759 4967 2863 3440 6892 2380 3391 6940 4394 
5450 4228 123 4968 7794 4336 4074 5427 5832 1424 7591 2118 8621 7750 7917 8821 7496 3603 1443 7483 
9338 6417 3595 658 9280 3387 7550 1661 6778 4490 2407 8580 5070 8882 3548 9216 3219 3974 4643 5403 
1750 2235 7521 6724 6337 1791 1897 185 5394 9692 7669 1084 6109 7616 1742 5389 1003 9292 3402 4133 
134 2162 2713 5204 1044 2613 773 4263 2940 5416 6018 4690 4003 3540 1414 341 1683 9663 6878 7077 
9355 899 8161 5464 8515 9904 7206 5870 5548 608 3 5683 9122 9068 7239 167 1682 4364 782 974 
9781 6801 5664 136 6693 3431 6829 4728 3094 3708 1805 8802 4607 6318 4266 9475 2574 1472 5345 4475 
8433 1701 6510 7555 769 3749 4074 8803 8114 4857 9777 4247 8010 1794 735 4703 1577 7565 9431 1023 
7625 7588 9825 8584 258 4092 8059 9185 1916 9757 3660 6701 1458 170 4257 8579 271 8331 7383 4737 
9540 3512 5336 7550 1658 6072 8605 3235 9989 4388 4259 7614 1976 4084 2550 8587 4528 6962 7772 6445 
6719 7784 3146 4529 4306 3755 3108 4577 8439 6843 5667 7979 6708 1003 1882 8366 3427 487 1602 3416 
4876 2213 7382 3204 6297 9933 1791 7178 3247 5915 3623 9966 51 3121 847 4357 3229 307 5287 1668 
7151 954 5999 211 1957 4233 8577 5385 4721 6531 5153 5949 5096 2536 9153 1394 8821 7297 4924 2068 
3212 8547 8386 3264 8020 9233 3973 7601 9540 9260 5621 3043 214 1621 3254 8524 5854 8184 261 6927 
1067 1766 2876 6164 4302 2030 3910 9475 5679 8834 7895 8891 3733 6281 8507 8105 1866 8833 5707 7759 
8093 1328 802 4660 9301 409 9536 1508 4945 9797 4787 2364 1563 7664 4880 2218 6046 8790 8045 1725 
3976 5941 6968 7709 8574 5476 2167 441 4309 7874 4552 8754 5554 1706 3414 1208 8467 2950 2716 3412 
9099 7503 2129 7015 1519 7009 9233 7565 5800 3630 5642 6128 9571 2611 190 4498 4439 2357 1291 5100 
6583 5843 3854 2137 7549 3621 3345 6017 2923 2413 5781 2023 6269 7910 5390 7788 4920 975 1706 7072 
4605 7348 9552 529 9959 9742 5027 4398 2099 6318 5850 8682 8513 9705 7172 6062 9678 6869 8431 2601 
9283 4213 976 5552 8475 6366 3340 9747 7341 5046 3171 1947 8747 2724 8828 8706 2466 3855 9457 4566 
6525 5307 9600 5038 1364 6772 7452 1042 3642 2236 3644 9277 6449 4620 4829 1276 987 4521 1024 4680 
5920 4195 2979 4667 3271 1807 9725 5738 2014 9182 6656 8539 842 6256 9929 2206 9381 3734 3249 9375 
5970 3245 5004 8771 7865 6185 47 5204 706 7423 6237 2978 7971 9216 7645 1242 1024 7371 6980 3038 
2905 3636 7930 3747 6245 7859 5954 1978 7945 5555 7705 3915 8800 2709 2686 3017 8894 9086 4574 5952 
6509 811 8931 4480 27 2928 5723 7403 299 2703 442 9557 2692 4724 3304 5289 8935 5610 7267 6881 
7517 1324 796 6317 385 9835 5687 9279 8921 261 1583 5430 1072 514 9911 7451 3443 1986 4855 94 
1041 1649 9651 3733 2725 9308 5374 1660 1270 2641 8541 8788 317 5690 5105 702 5525 7144 6333 4446 
7405 7917 6228 4829 4783 6139 8633 4578 4477 3488 1025 5519 1489 7028 9252 566 6336 4627 2226 7607 
3620 7120 6395 290 2810 7852 992 8335 4997 3678 9133 8754 7947 5361 3584 2730 7853 2217 3661 2330 
2057 4686 7849 9898 1714 3454 464 4403 4433 9042 8362 8053 6162 4757 4695 8972 8961 5688 3659 310 
5718 2792 9065 3665 4506 9001 2747 2359 7570 2760 4689 5979 7446 2539 2229 5513 2345 9045 6268 6778 
8087 4630 4831 602 5739 5879 5926 4700 7919 9586 1363 3637 8730 6780 7302 3236 2133 6401 5595 9703 
9162 285 2034 2960 9176 4263 4825 1521 9660 1093 8299 4099 5723 9482 4701 1462 5361 628 2515 3280 
214 230 3269 8944 7010 571 8533 9143 3325 4128 5198 2487 765 7232 1799 6293 7847 6625 4166 3859 
7718 2465 7958 9794 8300 2660 7608 13 3288 6475 9646 9854 6705 2915 5150 3715 9839 3683 9210 3164 
4164 4408 2003 1281 7992 3802 7575 5839 427 1741 6050 4498 559 4009 4292 8859 6669 8252 5224 6309 
4728 4870 2515 1433 7786 4017 1501 3977 4053 711 7141 8217 1472 9144 9498 9464 9298 3425 1656 9726 
5167 7706 576 5726 1715 4868 937 4736 3120 6161 7397 4200 7384 9912 1986 5170 282 3487 9147 4335 
550 2640 8904 2022 8136 4754 1487 3786 8180 3143 3512 3347 7201 4088 5425 8917 5308 2714 5 4781 
8875 7403 8981 6259 3667 7319 7781 3949 806 3280 4636 7709 2272 3540 9731 408 4647 7570 4195 2827 
7065 4059 2526 4267 4500 4303 3184 6160 7017 9541 941 5892 6944 6275 8504 6964 3594 6285 7265 753 
5918 1902 8462 8190 1794 4545 4951 6441 2116 5498 5620 9181 5909 8146 3448 409 2449 2984 6570 9466 
2526 3863 1711 5822 138 6567 2786 85 2852 52 7190 5122 8306 5652 3313 100 6549 4616 2894 5017 
114 8514 551 6023 3013 3999 2785 5462 3336 5707 1281 2214 9570 9344 8036 6061 5911 7175 2498 5115 
7227 9688 238 5533 1692 9903 1985 8241 871 4879 3259 985 9746 3810 3360 2759 4161 2497 4573 3849 
8204 2206 2415 4127 1550 452 6540 3813 3979 9038 8929 1206 8726 5519 3091 418 1774 1428 5011 2645 
2660 4622 9982 2406 4784 3342 1517 5298 2192 6090 5499 6748 4649 7915 7227 2551 8367 3767 6365 2346 
2805 1646 9904 7883 7165 9347 4653 8939 7127 9665 1584 9787 639 1566 8545 5424 1260 6414 7074 9804 
8857 2573 6553 3506 488 132 6057 5207 3900 8774 3905 3057 420 161 941 3937 9508 1946 2876 2988 
7963 812 9127 8603 8730 7673 379 6343 439 7453 6147 9296 26 9052 2802 6867 9185 5212 2074 9437 
3986 5980 2494 759 6141 9787 4696 2002 8086 7573 4990 6049 4737 4117 4652 9820 8142 5031 6163 4934 
8836 8662 4230 5215 4067 3385 2082 9604 8597 4156 9041 8935 136 7887 9694 2630 4027 4391 4632 2113 
8316 5974 8162 9405 6443 9167 9225 938 550 1740 5872 9387 6755 102 4602 822 3487 3036 6778 8436 
7192 5819 3724 3681 58 3418 6311 437 4161 7295 8902 2477 3269 7065 8235 6064 2584 7460 7002 3134 
5553 9226 8873 2308 9329 9827 3130 9168 2863 9908 3957 6408 2079 7681 89 8489 1099 2752 5279 1613 
6399 4181 4090 6020 7598 2325 2084 182 6138 5439 9669 1691 4665 8542 3999 346 8370 3481 9515 1233 
9741 9824 7641 8172 7505 4082 3013 4956 3186 8292 6569 9585 2474 7012 5605 6424 5689 4042 6607 1827 
9481 6276 9870 4146 1170 221 4493 9540 54 360 7126 9795 184 4767 4319 4041 5202 3685 8997 8388 
1977 5567 7974 803 8931 9931 7228 4620 3973 187 6448 3454 2815 2670 3953 3985 2892 4798 3526 2946 
1510 652 9094 8046 1771 9765 2087 3325 3450 1084 1714 1780 3003 6040 2583 1934 5971 6163 6555 9945 
6350 9355 9751 9165 8377 3704 3151 7621 4854 3029 6920 6364 33 6014 4410 8156 2131 6497 1482 5582 
3934 3196 7362 3289 9236 6297 1576 5207 8813 4483 1504 5163 190 1256 681 8567 1312 184 6189 6167 
3213 3109 2531 9598 5475 3294 7754 7606 6143 9236 9540 77 2432 3254 9719 8020 5904 1295 9580 4717 
5778 1084 6232 5968 8692 3265 887 6357 3449 3428 8876 3014 6537 7759 2612 8364 1053 367 2323 7197 
9603 1863 3626 8388 1470 3345 2760 7374 4640 2340 8443 6770 9777 4675 9090 4821 7941 6330 1178 7742 
9758 54 757 6296 4166 3369 1012 5219 88 3335 2416 6044 1551 6043 784 3021 5740 3544 6747 381 
5885 5190 3503 2014 9865 2594 6835 4158 8924 4366 1901 5034 772 2658 7682 4938 2379 8695 6510 8820 
2030 8926 4864 9933 1321 5648 2954 3414 9192 9701 3795 1429 1243 3650 9795 7461 2596 2983 1619 7872 
7349 9872 2907 4473 8882 589 5764 1262 5636 2274 6434 7667 7552 1298 3952 5226 3298 6907 8640 2490 
2960 8787 272 556 2437 67 8017 1386 3050 5988 9258 6751 5861 8517 7577 4743 9107 3341 2357 4743 
5615 8791 8762 9519 6441 2715 4745 9739 5974 9737 8582 8934 8524 5206 5842 7314 5273 3859 8700 4676 
9848 4310 1427 2061 2828 9004 6804 1935 8697 5514 3030 664 657 1793 184 3451 860 1281 3190 6834 
1019 8124 2120 9543 3330 7963 3209 4956 8174 1909 9632 8022 6220 7411 83 9048 2768 3240 7335 1465 
5106 365 2130 5763 8510 8666 9214 5722 9947 8757 2556 966 6881 1029 6862 6564 5344 71 1520 3518 
8333 7504 1541 905 4915 7976 6305 4035 7568 3640 5501 2674 357 3983 8438 5220 2649 4004 942 8948 
9113 3499 6267 5995 880 3129 8911 6224 9552 6783 9742 7885 4287 7635 5142 5554 5612 1447 9590 3180 
5087 1443 2207 1797 5426 6997 7017 4427 1001 7959 3375 115 7810 9642 2462 5042 9123 1373 1266 5028 
8156 7361 9265 8795 4996 4408 4349 6960 5855 3939 6493 7295 5382 8700 9092 7160 5697 2461 1587 3050 
420 1315 9517 4583 7309 1979 9625 2785 9704 7244 7813 4212 4605 7078 3007 9601 1486 3709 2914 7342 
4000 9407 989 9383 4459 6433 2895 6508 8894 4483 9558 5666 2150 9076 6601 9459 7407 6227 8596 7112 
3471 6409 7676 4428 3488 684 381 4974 745 3295 8668 4745 9054 6009 480 3513 2442 3376 6373 1336 
4211 5932 3355 6361 1360 9956 2172 8767 2535 769 2231 2358 3530 9908 6786 7018 6944 7168 8345 7689 
463 3365 8786 5870 9375 9267 5735 1817 2643 2109 9506 6854 4393 9213 9567 2105 9169 8091 7224 1705 
5212 9456 4063 8743 5716 7202 5761 9012 4370 458 6701 1185 3824 5487 7055 9551 1106 2791 7720 3749 
1252 3578 6955 1997 2791 6522 4102 1961 966 1326 18 6178 7134 433 4921 2850 7635 7035 1862 2005 
7493 4915 9543 7669 6755 6598 7220 7861 5741 4941 1611 3345 8519 4918 5342 1311 1441 9444 9624 2407 
7123 5994 4937 4257 6427 9859 3460 4063 6894 1674 2420 739 6590 1963 8409 3345 4914 5629 7558 7007 
6922 5521 353 1794 440 5695 9457 8233 1492 9081 640 4967 1427 5577 5576 7854 1788 9036 8269 8682 
711 690 5774 3653 9005 4183 3350 3919 6164 908 927 3087 6430 1280 4881 3222 3327 690 1455 1171 
6123 8447 2490 7550 376 8067 5404 2165 3455 3674 7199 518 716 2973 523 9721 7156 3873 3641 3321 
1134 920 2760 3916 8552 3993 7138 8231 4683 8593 5755 806 7040 8245 8356 7416 2664 3760 9581 2472 
3786 3133 2990 4502 6106 3514 576 9615 3739 4217 2936 4873 1489 2048 8789 41 6041 5927 8272 724 
872 379 7882 7912 4977 6238 1681 7641 6350 1262 113 6489 747 9456 991 6854 9322 1567 6469 3061 
2136 5757 4287 3625 4157 3076 18 198 5356 4643 7274 6228 5022 5156 4141 9999 7746 5822 3993 4096 
3436 458 6937 4184 6266 7929 7390 5588 5848 211 5002 4337 2320 9289 4314 6477 2365 4333 3027 7721 
5328 301 302 350 1809 4443 6702 9555 6617 7047 3 6405 7505 6941 6941 3772 1222 4331 5712 3422 
894 714 7759 9566 3 2074 6043 8721 2759 5422 6442 8087 2075 3096 4789 3884 7539 7843 9791 508 
4890 6147 6914 2396 9440 207 2520 662 891 8232 436 1785 8947 8196 7704 5302 6622 99 4023 9381 
5522 6818 3820 7597 9914 4961 7834 7454 2805 3977 4314 7695 124 7580 6443 9564 7788 5315 6578 5031 
3548 7015 6816 8847 1563 872 4149 8185 972 8173 3918 6494 4991 4090 443 4905 9051 4629 8711 8208 
8607 3026 5904 8731 6958 8699 4648 1098 4015 1226 6129 3915 4593 9298 2762 6156 170 6911 693 1142 
1436 963 3988 6427 5053 784 7685 457 5413 6396 8665 4020 5774 921 9104 9085 9621 3752 183 9988 
1330 6313 3903 2276 5611 6665 8432 2133 9928 5478 9628 1365 6441 3616 7792 1495 4400 1829 8304 6166 
8226 6969 186 352 7891 9290 9437 3864 9394 9621 3852 725 2286 7755 3001 4249 4420 7785 6382 4348 
9615 6010 5713 6057 5979 9858 3904 6731 1687 2208 2897 6265 5529 3084 6618 3420 8726 2407 7284 8121 
8380 1136 5198 7018 8891 4551 1267 9663 2336 4002 4012 1952 6364 6077 4361 8695 2287 8265 5427 327 
6825 8324 6592 2354 7760 9562 2127 2839 8322 9411 960 6702 6900 6158 3721 2143 709 1340 1807 9397 
1694 2171 7701 8059 4600 2062 6754 3240 6679 8533 3567 9856 6858 6511 8563 970 6074 690 3809 748 
6453 1121 3802 3353 3631 3875 1849 4340 5216 3656 90 6910 2179 7791 1321 3131 6206 4428 6371 9237 
2961 9938 9094 6171 6450 7657 7142 8876 4699 7303 9624 1152 8425 9778 4506 2056 3654 6355 2749 5222 
6363 9191 8484 4894 3334 9806 8025 9540 586 4397 5130 3547 687 576 9719 3489 4585 3213 2365 9284 
516 8341 436 5293 8120 1294 3702 8126 4001 2803 3348 364 1994 1832 1610 5328 7990 9636 1221 8576 
385 6351 8476 1072 3279 8195 4562 7864 1408 3279 7148 8276 7973 3936 9922 6093 5231 3624 571 9232 
6427 3919 5949 8421 2103 7559 101 6446 7195 1322 5022 3932 4025 3498 5005 7304 8045 5919 5168 5805 
9198 8668 434 7171 2605 356 9616 4188 332 187 3420 6759 458 9369 1532 8914 6929 7985 5360 476 
9308 6734 4409 9685 6585 5766 6990 4630 1685 8510 6788 7235 3531 7222 759 6136 3930 6727 324 4262 
3267 96 1021 77 9466 8905 8991 2747 6890 4351 3223 2550 7438 7632 2236 4023 9750 5578 5005 1435 
440 1793 5023 3971 5367 5782 6459 9297 8861 3135 3559 2128 3232 932 2206 9050 6189 7549 1797 9432 
1901 1372 1982 5691 5357 570 9714 5107 6148 1071 2895 6589 9217 7918 560 4584 52 3372 234 8913 
6507 3793 7394 9739 1078 9600 5141 7267 7149 6938 6699 5402 4663 8682 7445 20 9252 7159 5127 1753 
4583 8022 8342 3800 2292 5254 4736 2344 8626 4970 1258 5134 8764 8652 1225 6194 4604 6367 3461 8105 
9657 161 9860 4320 5195 7305 692 799 817 5820 8904 5400 194 3598 5552 2487 8853 288 4831 3831 
5259 2441 5317 375 7445 2895 6569 8401 9262 6382 6507 5271 2895 2719 5944 8090 24 6636 5242 7193 
2456 4146 2593 9003 7745 4497 1490 2950 4786 2673 3133 6397 1467 8451 6772 8912 1346 9693 7314 6960 
6075 173 8583 8971 9244 4527 3413 9268 1164 8655 6462 9972 9154 5407 5327 3251 9905 3169 2553 1043 
5843 5686 7440 7310 4137 4212 2574 1835 257 6240 5147 6332 2765 83 1655 2009 4610 5069 7630 2126 
76 444 8451 5582 5851 3778 8833 2108 6948 1386 3151 9143 3425 6943 2805 7562 7507 1731 5750 7764 
7972 7249 449 737 7332 2104 9099 8295 7173 6729 421 3602 7173 5224 9184 9376 9003 8018 1485 2303 
5756 988 7798 9181 7932 6955 3096 5439 8686 5198 3204 6658 2447 5 3748 6132 2109 2847 4427 5635 
5928 4848 9237 3101 73 8421 2477 5428 2791 314 4083 4900 7655 8233 4081 5587 5188 3529 7378 3874 
8727 6934 533 7527 6939 633 3659 9049 9832 8086 4684 5760 9286 273 5213 9359 8694 7690 1139 7838 
4357 1574 2738 2012 9807 3171 7599 4995 6701 1329 8870 1780 8264 5755 9307 5203 2740 2966 604 2572 
7404 1640 4684 6691 1913 9897 2402 6960 3939 3542 4798 8296 5116 3888 308 1276 7059 4259 6271 112 
1941 5141 1893 205 7248 7552 1760 9988 6871 8717 2560 4275 357 7244 7318 8623 3493 9721 5583 7433 
3263 6733 5729 4731 621 2390 6007 4032 3001 2279 497 4942 3772 8742 1499 1021 6294 9612 1009 9517 
8329 9922 3793 8686 3518 1111 7309 7012 7184 9244 4445 6799 5977 6526 1531 2950 5268 3890 6983 4622 
2521 3832 9564 2646 2574 7416 3667 8868 7028 1028 8386 5357 7302 8531 395 821 5994 7705 7833 3179 
6949 8630 9978 9279 1508 7861 2229 6777 1752 5564 1399 625 9396 7315 3271 1970 4731 3290 7191 8111 
4319 1929 3468 1621 6812 216 8794 2806 7921 6627 2337 1222 1609 8668 6853 3118 6529 5435 9895 4633 
999 7646 1611 6748 1313 4882 5070 2397 8173 8613 508 8844 542 329 6817 7354 545 5612 6513 4818 
8591 8850 2392 201 7518 9246 9671 400 4681 9566 1385 2032 3564 2996 8780 4877 4231 203 7274 2404 
8816 4135 7600 9359 4464 4417 3065 1361 6381 9578 6179 4973 4781 8571 1526 8651 4169 1197 9051 5202 
7115 6789 7235 7031 9785 2367 1908 4016 2570 5535 2772 1387 9670 6724 7098 4134 1142 163 5495 3875 
9742 8026 5200 875 2949 3078 9526 7119 4275 4930 2321 7742 1719 5908 4773 7856 8276 3034 1873 846 
8569 997 2233 8239 7722 5683 8725 5216 5847 572 9091 1941 8598 644 2816 7899 3722 8694 5018 7998 
3624 3692 2092 5343 9600 6866 3200 7876 9900 1425 5075 4821 8774 3660 3060 6496 9344 8137 8064 1543 
8709 3508 3484 3659 4152 2652 1558 7874 1346 2929 2224 1323 2973 669 6666 2573 7535 6218 6802 3787 
3995 8229 4960 9122 1889 4372 5618 1233 2509 35 9128 7570 3543 2612 7581 4047 1616 5491 1921 2963 
4772 498 4286 7745 1167 7304 6671 5054 9875 9825 5193 222 8054 153 9344 9943 4525 1315 7529 7034 
1350 6657 956 1245 5622 8537 5292 7238 380 3565 6553 5153 4063 7191 2898 1582 848 9569 2988 7075 
5746 8181 7297 3800 8334 6642 96 9211 7957 3977 6245 5659 634 3553 6904 2608 8442 8548 6199 8823 
2113 9104 3976 2529 6296 6874 463 3496 2796 3452 571 4894 1633 7868 8695 6320 862 5143 5531 5171 
9120 8129 830 6106 1682 4086 8715 125 2634 4914 5300 1100 4018 9276 9981 6666 2502 444 162 1650 
248 7085 6545 1882 4954 5240 4554 5816 383 85 7340 5855 4566 8170 1961 6249 8609 676 2726 7595 
1942 8026 5047 2313 3654 5028 5331 6156 1825 5494 7807 2073 8931 4352 307 3885 5944 4861 6054 2679 
1299 3394 8534 5865 7916 495 2114 2877 7524 1192 473 9466 5570 5520 8131 9224 6901 3463 5381 8726 
5309 3188 7151 4240 3892 7459 4478 9836 2320 532 2515 3619 278 1049 9485 4546 7896 7951 7424 5420 
5496 4249 1239 1066 6121 9370 291 3022 9185 2024 8100 4494 1564 5252 5087 5456 2711 9565 1644 1383 
6449 4159 5003 3079 1560 840 7625 5808 5143 5049 1229 639 5650 2468 8058 1772 8190 4701 4794 7376 
3077 2895 1870 4641 4499 6957 6449 7210 2874 8093 8593 9323 8604 9948 2402 6516 7140 28 2324 2284 
1429 3553 9275 7080 2373 3685 8852 564 8386 9998 7940 1463 9245 6162 2456 3744 9472 8905 7306 2346 
6998 2252 8022 5602 8552 424 8470 2045 6804 795 681 4586 4348 9956 8018 3074 9994 3222 3638 4732 
3220 7930 2548 8818 4092 5004 8914 3564 3910 2573 2263 7260 1177 285 9215 9729 709 7685 1774 3866 
8480 2455 4804 9181 8764 2822 2255 8758 6044 2245 9842 5616 175 2390 786 4267 7395 6053 4184 7657 
8626 6447 4917 9803 3084 484 5884 145 8170 4011 4011 3002 2818 5167 8535 1582 7989 790 6692 385 
3035 6535 2354 9562 8925 9492 182 2672 5545 718 329 4171 3517 1599 326 6601 8435 6211 6746 2957 
222 7110 5960 3040 2277 4495 975 6619 1638 4019 3356 1025 6906 5710 6940 2184 5203 7122 4856 7100 
7840 1538 1272 1357 9489 1598 7958 4276 4161 1056 7234 735 8166 9546 128 6796 393 1103 3415 2031 
1474 3123 9409 8381 5186 6349 565 389 3471 1773 3841 7663 3311 5113 9020 9152 3064 3330 3429 3577 
4386 663 4313 8905 209 4441 2053 6954 1896 1820 8986 3370 4943 4747 1751 129 7448 8668 6870 919 
442 712 4934 3753 2177 3954 9258 1593 3636 2687 5171 8022 9702 9484 3279 6263 277 5332 3217 2173 
7152 8555 1895 2096 3302 9999 2225 750 8667 5448 8021 9109 6160 2955 9215 8337 3261 8473 9931 6897 
7512 5102 1272 7214 938 903 9829 7567 6236 3046 6092 9740 1602 7987 1836 1256 7986 414 8359 6654 
5862 6380 2115 2022 5688 1330 6711 5301 6155 2994 8551 3667 4448 9823 7233 5386 7078 7062 9305 3314 
6461 5397 3055 4415 3385 1243 5671 1371 1657 4030 4377 3871 6763 6493 2245 8803 4175 8957 4104 331 
1951 2655 350 2752 8830 3936 8138 5909 7350 3796 5575 3811 9193 4982 8226 2578 6226 250 302 4235 
632 1031 8107 3747 7524 352 2550 1700 5661 3007 8383 3965 2014 8733 6717 7197 2669 1207 9458 20 
5003 5033 183 549 6368 8410 9479 2594 5012 9781 3181 5644 813 1288 5744 4689 7993 4646 2741 6 
7653 1124 323 6020 6210 7040 3217 8879 4600 2675 5251 9603 4060 5435 6504 428 3845 5984 9374 5209 
5765 2556 7205 2930 196 2949 3972 4541 7596 6713 900 1601 4190 1223 7621 400 8264 838 9279 9216 
9865 4531 5171 3926 9966 1676 706 163 7660 6433 1724 9777 8989 8929 2708 5537 1879 3032 6431 9475 
6097 7331 7428 287 8554 5050 7039 3170 2240 2671 2386 2106 3554 7558 2384 9872 9234 9442 35 6894 
5875 1759 6671 1216 688 5731 6754 8919 5115 3185 4746 1213 516 2175 1500 5422 7225 4892 8593 9465 
7563 7331 7923 1117 4889 6659 989 475 6102 7376 7369 1977 9135 393 3194 6175 2476 6300 1447 7592 
5837 6193 8805 2705 4720 6657 8127 1945 1549 3072 7763 9112 404 2038 6581 1645 8698 7570 2121 4800 
4946 5842 3129 433 6235 2675 6609 5064 8975 4408 2656 4812 601 7813 7517 5322 4470 1997 3619 2372 
5069 7734 7836 1825 9773 4418 3471 4823 1988 1944 5975 6935 7786 9104 7368 374 8132 329 5438 7107 
4737 8094 8272 1691 5907 2141 3365 6729 490 3336 9101 1912 1071 3290 3737 7196 7708 3560 2019 9696 
5504 4346 2983 3291 3450 6704 17 7934 7033 5455 1394 8123 9901 9666 6166 2160 8159 5883 8889 5002 
9219 4343 6914 290 7633 651 3838 1693 564 5857 1389 6068 203 725 5711 6 7429 5728 4292 814 
7535 5686 5289 7436 1704 1455 5948 6216 7338 4838 1218 2910 5533 8132 3200 9518 5135 7039 7563 5699 
9248 8952 8120 5804 6029 183 2162 3458 2264 6454 625 9799 2141 5914 3588 197 3722 9536 6413 7412 
726 7631 322 2611 5763 3523 2129 7251 6914 9692 9302 2514 4997 7422 4670 7378 3958 6832 837 6222 
9639 7814 6021 8132 3728 9609 8329 7450 5498 4743 4863 6224 2374 5185 8836 4490 5060 7317 1741 8326 
3362 1043 841 4711 4818 1863 2089 8776 5048 9278 1350 4687 7092 7371 2819 821 3333 7500 4623 8831 
8595 5838 1407 7322 7376 243 1812 2436 3913 9905 7115 7275 7300 4308 1986 8470 6171 427 7246 1219 
9706 8596 2258 6798 2320 1429 3971 2005 8930 4947 7188 7525 785 8595 4847 8161 5191 3011 6950 9104 
2916 4065 2731 6569 8373 4717 5039 896 5144 8638 2116 1202 3586 4374 4353 5906 5804 8324 4263 1086 
9623 1451 4963 409 6399 9811 8570 7942 9174 1872 7046 8443 5937 9777 5012 662 846 6403 1559 2342 
5041 3675 3545 8628 4401 7898 886 6557 2574 5150 7643 8550 2953 2607 8959 9352 8770 3881 3646 4296 
5754 692 2739 1691 6821 4103 8706 4019 507 265 6362 5548 3940 6259 528 4693 509 1415 1251 9435 
6565 5246 7985 9518 4205 3296 5223 9327 7178 8869 3624 9284 5914 2715 7327 9087 6819 6033 3107 7326 
6298 5821 9226 6590 8432 9755 1284 8941 1170 8887 4728 4087 485 2714 9957 4691 2362 5180 370 9540 
402 346 8824 6316 3062 6152 5403 9881 8537 4862 3559 4836 7035 2785 1426 5467 8892 9062 760 62 
4301 5489 501 4787 4555 459 5830 6917 5639 2552 2810 2393 2899 1634 8709 5961 4138 465 2194 2676 
1679 5753 3864 8715 4890 5290 4182 3783 705 1295 197 5006 6784 699 6145 7691 1158 8327 4608 3149 
880 7418 5543 3779 5405 604 9740 5895 7421 1934 4923 9101 4039 8787 7816 8929 430 8350 9064 7487 
9645 9262 2493 2781 6313 4991 472 3823 3318 1433 6972 4198 5203 8867 7977 608 9472 4069 2856 3245 
2355 7779 2346 6394 2919 6514 1676 3349 1217 740 836 7214 2 9681 9996 2667 4672 6820 6490 4343 
8253 3463 8541 3457 8682 2871 417 4506 6940 3273 7752 9296 7405 6450 2042 324 2965 3718 25 4182 
4459 7213 1396 813 6894 7744 3481 7919 4565 9971 8614 9170 9786 7155 2627 8469 6378 3045 9327 3319 
2670 7079 8967 75 9882 7361 6751 2847 1080 6776 3381 1891 3989 1129 2704 7236 8874 6185 1507 9791 
2509 121 8961 2295 3628 1589 7116 7 986 6444 9678 3656 9875 4997 3732 9757 2358 6835 8956 3438 
3612 2337 5329 3953 9819 4386 7541 8693 571 9048 4836 9432 5521 3797 1728 5502 1738 5196 5509 2724 
7992 5187 6381 4220 6536 6465 329 8894 3300 9286 2333 3264 7975 4014 7218 7794 8400 4759 2839 5324 
160 7675 4756 2033 1473 2836 7535 9563 4385 3044 2288 2377 4583 5021 2949 1119 7838 3279 6366 7490 
8917 8699 755 3244 9065 4325 7391 7466 5436 230 9142 1948 4258 3898 3982 2083 3087 1517 1646 7472 
914 3934 9849 1849 5307 2799 9321 3145 2430 5687 6988 1347 738 7743 4591 9803 8420 8334 3621 208 
8565 2763 2157 2823 3014 2491 1258 6101 360 2904 3573 1274 3191 9774 9476 8498 8925 5149 7996 1355 
836 4984 9054 1574 9079 9998 7729 7499 8332 1351 4059 3249 466 6216 2424 3480 8707 3682 9581 9068 
6587 9506 6694 6130 9281 2522 4628 4558 7671 8976 5914 8507 3960 1320 6433 9391 1318 515 6890 6003 
8218 7302 9252 8684 3518 1677 8517 8578 5359 4450 3998 8298 3957 7044 4428 9590 9567 5409 4148 7238 
4385 6414 2098 4698 7735 4883 4089 5405 1750 7332 1408 9968 4634 661 5005 4504 2338 3522 3082 4049 
7972 3432 2348 1929 477 3128 7871 6396 8537 2020 9986 9275 8434 8436 3973 2521 3320 8062 7927 5070 
1746 9335 1391 6380 9996 6396 885 8686 9918 319 9088 7890 3752 7788 6172 581 916 4043 6977 5806 
2415 6963 5081 7202 5400 9054 9723 5072 3468 7650 6494 1567 6986 7885 7947 3334 4281 5184 8373 551 
1856 7461 4794 5608 5249 7318 2541 2517 7713 9518 8323 129 2833 3404 7331 4585 8810 7054 9657 2279 
1057 2504 3846 8043 389 8145 7729 1023 9682 6102 7926 1538 9915 2720 3498 1516 6390 6039 4034 4104 
1909 2357 585 1094 5762 4268 5680 924 7674 1689 9555 8731 4193 9753 3126 935 7899 856 1958 3933 
3310 6236 5471 3226 5309 5321 4742 1699 1360 8776 2155 9621 7486 2740 715 3248 7008 6395 524 1035 
4437 80 9766 8630 9833 2893 9565 4084 101 7875 8017 3411 4112 9840 6637 9421 5161 7732 7472 6521 
6508 9628 2494 3994 2368 3210 3594 5729 5957 471 6764 394 551 2882 9025 384 5775 4942 821 2228 
2818 8838 5640 3282 8679 8629 9055 3840 6361 6527 6714 9222 6155 9208 9568 4876 2418 3163 605 4728 
3634 3721 5122 537 6603 499 7273 8731 5442 8094 959 4612 6933 6599 7894 1964 1581 6949 5804 7942 
3476 8870 7164 5984 8079 6733 860 6849 6248 7817 1577 6234 7890 3052 3123 4493 3551 396 9576 8993 
8491 536 3605 1776 3487 1499 3740 5068 4800 5896 9363 4629 4767 2879 6965 9198 9612 4177 2399 2212 
1994 329 4798 6236 3381 7921 7081 6932 8318 6658 5926 3161 3546 9531 4937 7033 7383 5029 8454 8535 
925 7817 3164 2044 696 129 7594 6661 4306 9994 5225 2652 323 24 5240 56 4297 2322 6988 8967 
8980 2914 2128 2526 8798 3417 5911 2533 8446 4365 1068 9372 8534 585 7768 5583 7066 1715 2244 1373 
1709 7469 377 8384 3845 5618 8440 8143 7940 1780 7110 3272 1047 5591 2150 9845 9008 8061 8730 7455 
8779 9798 3179 3665 6735 7299 9248 3802 9014 1492 1527 7075 5314 8256 1811 9159 3874 6603 3654 8166 
8384 7117 7790 9431 2708 9940 5628 1716 4354 4358 5523 9485 508 8702 3150 7244 2354 2399 7398 1368 
3891 8925 8444 9205 7181 6607 4717 7408 3211 8371 1926 1595 5488 9717 7378 8196 6009 3006 6265 6715 
3716 1788 6200 4224 6843 9351 7820 5549 1750 5218 6917 1993 495 1713 7551 4029 8321 2268 7789 7884 
6991 9715 5831 2480 5784 3209 7028 8146 6215 9645 4861 9931 7786 1062 507 981 6765 4680 6530 8515 
6250 9799 6860 6746 7865 4411 7127 2538 6679 4916 422 23 983 6253 8855 3120 9462 2235 1266 2029 
1881 2479 8312 6019 3541 5171 7000 6658 9851 9882 5173 6102 9681 2034 9200 7546 2797 6327 6436 5829 
7595 6858 5852 4930 3111 4707 8050 8925 6942 5668 7306 5175 8148 5618 1194 8041 790 8194 4700 6993 
8076 6225 3095 4110 4611 2295 8008 7409 4974 4445 3238 8921 1303 9090 3852 767 149 8254 6044 7091 
3923 3351 2267 8423 5321 3461 2816 2463 8008 3868 9457 2436 6446 8904 6546 1057 7552 4555 4818 8878 
5352 8056 7800 6655 3498 1652 3774 3647 9906 9819 7091 181 9522 5710 4956 4843 5523 7773 3659 3531 
7993 9468 5968 4439 8372 2514 1849 5924 3421 6667 4803 8773 1076 8955 1781 4574 607 5555 4574 6865 
1726 1665 7047 7600 3727 8355 8796 9250 6128 2455 2782 474 1923 8750 1265 6647 7616 3114 8924 7390 
6134 79 6163 7210 9034 4296 8136 5993 6204 9062 2858 4282 7079 6257 1883 806 4613 679 57 7093 
9486 2839 7567 7761 7941 5185 760 1909 8299 9684 9299 785 6115 1815 4347 5149 6111 8836 7494 8667 
7898 353 2950 4978 6610 4833 5784 7575 1864 2193 4669 7702 5032 8588 1815 9325 3773 2575 7587 8425 
8612 6886 9210 4727 5053 9910 6229 7517 8746 3723 6184 6644 428 5486 7974 3391 319 111 966 8535 
2304 5635 2589 3689 4224 4404 9366 7997 3332 6953 2774 1944 3840 1985 6671 5245 8247 9252 9114 6993 
9328 5299 9989 9756 785 4316 3147 7457 4427 466 2344 6731 6101 4934 6772 6677 5690 6139 1027 9022 
3092 3801 966 3284 2138 3990 8530 385 9594 7644 3730 8922 9295 3720 5031 6433 4388 4530 242 8815 
4996 8938 1898 1098 224 8671 4127 5915 1162 5154 1289 4254 5308 8608 3891 7446 8950 2421 4184 8544 
6417 7914 3819 2065 7986 8850 4850 2374 3380 1444 7541 8377 382 9440 5827 6959 4463 9954 9226 5625 
1461 515 6231 3121 9123 122 567 8073 8895 1103 2970 1665 5370 6789 82 3356 1991 4932 2083 5371 
2728 9624 100 3110 5416 2279 69 6231 8586 5647 1856 47 6163 4440 3168 1638 914 87 6064 9810 
7543 9034 7827 2913 2175 7909 6269 518 9193 4704 2241 1921 4329 2342 5031 6097 973 1453 2329 9559 
7100 537 5958 9615 4977 5478 1254 2244 1918 7318 2054 9461 2704 6233 2374 1231 4142 4995 1749 3335 
9700 3990 5256 381 2684 6639 6478 3658 4444 5159 3217 7897 5697 5528 7512 7026 1006 5118 9270 2924 
8788 7676 2385 7844 3909 4759 9075 4403 6107 7176 7738 5807 7519 9346 2540 203 2338 9018 213 6782 
4178 3431 4679 6227 8959 8544 3253 6317 14 8876 9242 8803 2904 7979 2999 6814 2739 2075 7569 5198 
5603 5308 1005 3122 1006 3545 3326 3344 8915 3539 127 9445 3322 1158 5672 8633 6054 5278 4951 6069 
506 545 1224 3410 8524 4223 6576 7615 6298 4146 2813 8254 5806 3818 1376 6812 3715 1054 6509 8983 
946 6636 8428 620 4146 453 9254 201 2083 557 6270 8941 1102 3846 8703 9626 8069 1632 7242 720 
2130 55 8974 7936 226 6702 1100 293 7757 7609 9276 5055 597 4057 5675 4744 862 4929 1297 9297 
1838 3919 8238 2940 7765 6941 2567 5834 4925 6161 6554 7055 6216 1880 4991 2794 8583 2444 3088 6340 
6405 8716 1395 7003 2773 3422 8099 3635 8352 9396 2932 6542 3315 7522 9483 7432 816 8402 3266 5741 
4563 6173 2797 7131 8053 4140 9926 2988 6584 3014 9328 2990 1730 7075 6345 856 6850 4444 4491 1554 
192 3776 8096 3507 7650 7579 939 8466 5981 557 560 544 3082 9709 4028 7488 3849 3954 476 6786 
6968 6157 6128 5050 9584 2473 5906 6434 3269 6750 7988 3461 6878 6085 3320 4528 3664 611 9347 5998 
7520 6259 2894 603 5968 6922 8091 9817 876 8567 2955 4196 4724 9083 5599 4309 7908 1505 7095 7529 
4607 5084 7342 1485 1169 662 2366 1185 7625 8065 7183 5146 4324 6430 5749 292 3352 192 6461 581 
5111 9417 4777 9836 4852 376 497 9113 8234 7592 6642 2841 9028 337 679 197 999 9397 7735 8625 
7462 4918 123 1786 1348 2224 8430 1053 2416 4891 1634 7527 660 6411 3715 5513 3140 564 4626 7726 
4509 7620 567 3537 4309 7598 87 5309 6995 7822 286 809 9092 6761 8947 6793 8985 7377 7846 7753 
2269 5832 5280 2929 8595 5348 4794 1735 2264 5772 9461 3125 9745 6381 3015 4054 331 3102 5715 3679 
7276 2353 4488 2720 9114 3436 9513 4451 7165 3711 2204 5786 9543 3837 8716 8139 9185 9862 6226 7801 
5635 2040 927 1732 4773 3942 5786 5104 3396 7854 5135 672 207 9624 9744 5674 9412 5610 125 6577 
5673 2330 2364 5217 6167 7432 9708 1704 3646 2286 9505 9281 678 432 7365 5451 4374 3152 6908 7770 
7358 2043 4794 7565 8019 891 3239 3783 6501 9717 361 2174 2047 9077 3743 4566 6509 9803 6270 155 
8442 5775 5789 9120 6208 3154 924 6934 2658 4184 1057 16 2579 2203 3934 599 3094 3525 4382 5947 
3242 1095 4474 1641 172 4569 6207 3033 4373 2477 9541 9167 4605 1682 8287 7165 1188 5563 4099 3847 
9747 1508 215 2327 3712 4149 9278 3158 4027 3660 9106 7269 1108 9932 5263 1280 4501 1470 666 5226 
300 207 4393 1257 1889 9033 8422 3077 4596 8873 3276 696 382 3492 9375 446 3993 8653 9956 8020 
8665 5414 1642 9773 5346 6905 1054 9848 4727 1720 5074 1379 8279 5820 2636 168 4853 1058 9597 5801 
6284 2874 2849 3018 2718 2224 9816 6711 877 9772 1084 9543 5187 2726 9316 533 5983 6722 381 710 
4794 1808 8442 3073 7628 1078 9593 2481 8489 9191 4634 4773 2065 7484 7791 1135 9708 3959 7846 6938 
3731 5282 6481 8918 8008 2149 5804 343 5224 2537 7406 18 4345 5848 3092 1973 6926 2685 806 1767 
8228 1793 6540 6645 9277 683 7780 5337 4642 1979 2275 4726 7261 5108 3644 1622 7258 9448 1965 2482 
8338 9371 8852 2683 5219 8296 1009 8498 982 8167 265 5562 9960 6806 2208 5589 3841 9988 7279 4836 
8319 9554 9562 5581 1015 9558 7203 4625 5359 9168 3459 3697 4892 2311 6380 111 608 3741 8609 7942 
1909 8875 3504 8221 2033 2064 3811 2226 8405 7442 7062 6724 3348 2976 2305 4363 2535 5860 8988 7894 
1381 8799 1591 6273 1111 4323 2736 8071 8065 1346 6013 6326 6573 5869 4547 4958 7934 4710 3536 2691 
2152 6951 9415 5501 9927 8073 6216 8814 285 1557 6708 1666 356 4651 4291 7819 8975 7028 5890 3392 
4726 8255 9718 1299 477 617 2609 4763 5328 2497 7454 7480 9448 3221 9333 5728 1294 1902 4542 1580 
3459 7603 3246 167 2254 7538 7987 7581 918 229 7325 5644 4837 3395 3295 1666 4013 5904 6429 9341 
4753 235 3173 4202 3456 8859 6282 1103 761 824 2683 4220 4779 2281 4387 3386 6171 8726 7319 7089 
5308 4645 2733 145 8040 6028 1811 2053 8284 4592 7746 3038 1179 920 3592 4635 9779 9874 5738 540 
7050 4773 1112 1830 7055 1851 5216 9578 578 2535 6668 2238 3532 5753 2383 7925 8134 546 6330 2770 
1490 4077 5808 2669 4997 5752 3656 1128 1978 9395 8020 5381 520 5484 7211 7575 7335 8779 3506 4265 
7666 174 6503 7551 2279 5238 5476 413 2136 1806 3184 3626 5883 5344 2647 7232 7449 6304 4712 9427 
2051 2732 4808 2571 4568 8371 6499 8256 3502 5 2521 7521 6531 5377 5072 8810 6967 6900 9224 9104 
8706 8760 2730 942 456 5378 4526 7905 8034 9239 3685 85 8323 8493 9008 9244 3217 5507 7500 3071 
5512 21 592 8395 1750 2016 7206 8718 8916 2782 7822 3975 1542 6904 1269 1998 8634 5795 6256 6668 
1386 9941 6753 9710 8434 5762 5306 8003 7621 2806 1075 9486 2827 8019 7881 930 36 1439 9648 5304 
4221 3822 9279 2115 726 548 4114 9361 6344 370 6029 4082 6663 9135 144 1449 1249 5450 9453 8870 
8256 6880 4708 7436 4899 2590 8366 1287 4029 8014 6592 4603 1836 5871 6718 2562 2772 7184 8275 9116 
3906 4305 9550 569 9792 9695 2019 1041 5145 7824 6263 3402 4704 972 838 9603 9914 9204 7243 295 
3570 3835 4898 1758 9706 1617 672 2478 5153 8948 7946 9060 9605 7497 9629 9397 3544 8000 6790 8689 
5824 3053 8443 528 4025 9281 6484 291 4837 3727 587 4759 7562 1837 6517 3620 9806 7190 2451 4960 
6138 6749 4020 5743 598 1 1492 4142 8002 8282 9184 3826 1335 7627 707 1713 3261 7191 2004 8098 
918 8943 2858 4832 781 9375 4804 587 2917 7255 1899 9055 4005 5919 1150 4603 2273 2642 5098 275 
924 4282 453 8612 1909 1160 6677 5170 4703 5033 3269 1973 3977 2479 6805 1110 8206 1610 8049 1124 
5217 9949 179 9222 2220 7682 178 4493 324 5276 1120 7601 9558 7926 2565 1467 9086 9242 6638 3790 
4275 6259 5763 4604 5090 8921 5714 3296 6883 116 772 2100 65 7304 1323 8637 4986 1501 9483 1662 
3129 603 5615 2687 8529 8180 4154 3968 7422 7144 4110 8050 9755 6225 2654 4845 5146 8369 4494 8381 
4837 5266 482 4902 2570 8157 9891 3908 6010 9374 5571 9139 6330 1186 1826 1211 5719 2332 1531 9493 
5829 5641 7543 1936 1867 198 3134 3365 4919 7628 1747 9756 9246 2229 1010 8169 386 7253 2077 2748 
6628 7648 1887 9310 5187 3713 6873 906 2397 8405 399 4578 4046 4295 6515 2265 845 9649 5631 5764 
3629 7378 1872 2875 5959 9234 7396 2697 6487 9474 5445 9467 3474 7332 5129 5013 7397 2003 5919 6146 
408 2671 725 806 6966 7240 3072 7811 3241 8703 9927 6870 2433 8151 6097 8392 7385 3494 1089 224 
9320 2886 6044 9146 218 1173 4160 7615 9528 79 113 6288 9102 838 7095 2420 4430 167 6583 7671 
5222 2862 893 4007 1013 6991 2399 4750 6837 9840 4975 2509 2726 7371 1655 9296 4896 5815 3263 4425 
2247 3376 713 1349 4215 7808 122 8645 4327 6705 2669 5901 9568 3562 9908 6933 6905 8659 1684 94 
8499 3011 2603 7577 382 611 6873 5278 6426 136 6055 5025 3513 6769 6375 4080 929 2849 2725 1609 
9554 5394 7510 5474 8957 7419 2408 2214 6078 444 2309 930 3455 4912 8507 189 5523 5381 1819 8302 
1869 7875 3327 5382 4644 6054 9462 1925 8903 8540 3534 4810 286 1045 6636 5595 4816 5396 7810 894 
5840 119 8176 5647 1383 6684 5836 3259 8417 4008 1561 286 1883 1240 2021 2879 7295 7835 4804 2550 
2727 8339 3712 3014 5736 6701 8609 552 2097 6419 7798 4290 2890 5975 6289 4274 2659 2126 7533 7428 
2486 5446 7714 4369 6686 6087 7248 333 3923 8404 9236 6650 3095 9300 6016 8831 6001 4626 9383 4451 
7397 3534 5093 6640 9509 1382 914 8520 9860 4799 5948 2346 6597 3662 6715 9635 6102 315 6321 6377 
8720 1909 3027 1815 1209 5396 6999 3563 6374 2734 4366 123 6268 9459 6763 5777 841 4029 4297 702 
5180 245 9400 1777 260 6116 7765 2714 2783 4086 9091 7855 5995 8470 6023 3556 3866 3022 3471 240 
5756 7837 364 2025 3648 3479 4154 842 7509 4804 7896 9041 1401 7296 819 8013 9764 4936 727 2548 
9022 9818 403 1369 8289 2778 1277 8507 5800 4749 5100 7909 2586 1816 6286 2587 5295 440 3429 9156 
5244 1325 8198 2998 8621 5369 1011 4738 305 1739 7286 5679 7909 4041 3400 6198 3172 4677 1058 8972 
9426 6158 3233 8365 7974 9519 952 3269 9960 4381 8778 1556 2058 3328 4554 7031 8697 1918 1769 5354 
3657 5407 7385 1566 5801 785 4117 8973 5462 5175 7945 4889 1333 7531 3254 5659 7050 558 5280 3362 
1291 4058 1271 3349 7386 2177 6732 2435 4095 8502 4141 7752 261 1526 5671 6062 2311 9788 5035 4126 
1315 9333 9015 9000 6864 8621 4659 3914 5531 9939 3629 6822 350 4900 6523 4088 7077 3255 2876 1173 
8109 7017 5277 8371 8544 948 4433 7207 7088 5821 1333 8403 1506 6700 3755 8370 5321 8414 8636 852 
4706 8617 4026 1408 3517 549 5496 6947 157 8372 8120 8266 1742 9749 2989 286 7050 3775 3845 4138 
9596 5179 8894 7454 8231 9001 2176 3553 7416 7164 757 8474 5782 1136 9882 9299 8037 1730 2598 8194 
6455 7070 2813 8197 6820 5802 4835 3870 5929 5032 4360 1877 211 9606 9331 4795 8608 1507 8348 2376 
8672 5457 7202 4454 2945 3436 105 983 1518 2704 9177 7973 9774 8342 2522 2946 4145 3709 6816 6426 
8742 7529 8304 5305 3487 7635 100 8447 9143 4800 7175 4167 6610 4377 8621 9555 4165 5078 538 5684 
7782 6068 9 3909 4410 8884 6855 4907 2593 24 1334 1335 3905 9638 2993 7392 3625 3093 2192 2768 
7894 9367 6935 4504 97 1908 411 614 3339 950 2650 1121 7018 2660 1382 7780 1544 8238 2688 489 
4614 374 8177 8519 6364 1170 2263 9989 4263 4455 2758 8509 175 6045 9365 6624 4306 9777 7238 7645 
727 9889 5118 4097 8901 6501 1877 445 1091 917 7286 5705 7643 5463 4224 4007 6633 2839 3997 897 
7295 3107 5758 7470 5504 5124 4094 6162 4901 7684 159 5628 7573 1630 6077 6474 8131 4306 3271 5574 
1576 558 7631 9219 2373 8207 9579 9007 1046 3576 6256 8341 3035 2014 2163 4891 7138 2609 1054 2039 
294 7565 4019 4219 9195 96 7046 3678 755 317 9252 2331 7227 6883 1550 5953 1442 1129 4960 2489 
1057 7568 830 444 9582 9346 5336 3073 1955 2742 1464 8601 307 5484 2821 5855 1932 9867 9533 2687 
6536 8786 5018 116 2021 2921 6069 3464 402 7381 2305 7812 4949 9487 8256 4531 8833 9944 3956 7141 
9038 5421 5742 5698 7257 4915 1553 9189 1134 1086 1877 4023 6224 3247 4139 4598 6168 208 4414 2923 
3941 6719 735 8890 2558 5343 9773 1392 1640 3730 4885 7030 5503 627 2728 2760 1895 633 1949 3029 
8072 178 7052 648 9778 7543 5246 5946 4103 6012 5221 8044 9083 5956 6934 1642 7652 3060 9386 9292 
6790 4271 2674 8645 4898 5403 1405 3145 2388 3354 2527 460 9885 9579 1109 9663 3475 2707 1961 7578 
5072 7183 5623 4155 9491 8909 5797 7143 1969 1535 2787 5111 5806 5462 3756 7057 7217 1513 202 5957 
1220 2729 6418 1105 8661 3879 7120 2136 2938 9081 9714 8010 2616 1689 8518 2108 599 667 5603 2568 
2203 4743 4032 8009 6557 4140 5066 126 5654 1621 6083 6874 4350 8853 7979 9363 9084 5099 1499 2023 
532 7566 6385 3149 9255 4903 1609 9854 1923 3564 8775 4126 8307 9159 2135 1216 3299 3554 1342 8953 
5175 3778 2179 5877 2631 158 5241 1716 1609 3092 91 8494 658 2828 1643 9914 7732 9604 6120 6007 
3168 1247 133 1476 406 8620 9044 3706 2174 387 9011 3701 4165 1191 9579 3148 7701 1172 1216 5663 
4264 1307 4157 4923 488 2152 1189 4572 8108 7309 579 1276 8557 712 9104 5315 5684 8149 5373 7859 
4888 4385 7912 5405 1928 3843 8553 5981 5015 9770 1644 5632 7429 2153 6907 7917 657 8096 2489 8765 
1757 3068 6394 6666 132 5498 1982 5817 3647 7355 28 4887 1740 7940 292 20 8136 8846 6002 9503 
4968 3998 5135 2397 2504 2042 6667 9513 6490 5508 4631 8248 8577 1025 4914 5061 6523 6896 878 6523 
604 906 1410 2344 5199 1703 8717 3335 6901 1071 2838 1869 5069 4326 618 3925 6368 7285 3439 9211 
2794 8070 7459 7723 9095 8725 2784 1970 1974 3663 8493 2578 921 6256 1274 6120 7959 9991 5807 1212 
1062 8646 3081 2484 2972 51 2761 5692 7337 2552 4903 6483 622 8714 558 6069 3792 9694 4392 5766 
3357 2885 8344 631 5493 5970 3103 9804 5962 8911 1016 3376 3909 4097 2212 6881 4149 1326 8925 7838 
3878 181 673 853 8895 7583 6922 9039 7277 7666 4805 6987 6904 9501 7618 2397 5472 7073 2202 7786 
5984 3218 7514 9893 3668 6079 3126 4169 7405 8404 8359 1283 8585 5384 2136 3832 2967 5411 2872 244 
3077 4029 3583 9981 3531 7553 2379 9003 4627 933 6789 611 4151 655 6857 4171 6734 6335 8340 4139 
4739 6699 5423 9676 8435 3911 3509 1402 9322 2733 7999 2400 6762 1582 8733 6645 9136 7464 5648 115 
8397 8789 726 2549 9445 3935 3072 6179 271 1413 6671 1362 4464 2094 1039 2900 2357 900 4302 1680 
9985 8653 432 6747 6588 9165 3393 5724 2982 5393 5839 1379 535 2917 280 6332 3205 3353 8863 3476 
4766 5534 1190 5582 3980 2229 8482 6338 9481 9137 8018 9466 7790 4802 2566 4378 319 2311 6454 3301 
7704 8645 4681 4591 7915 1313 923 1120 4666 9787 948 5784 5321 2138 1367 9302 720 6201 1992 201 
5338 6362 9668 9481 1164 8586 3859 7835 897 6666 1137 8601 5311 2170 3193 9578 3483 468 698 4502 
255 7998 286 1929 6489 8005 7583 7209 4207 9575 3762 5897 5937 3430 5378 3453 2016 5590 1288 9265 
2256 2425 4219 3919 947 3764 9850 4431 4232 6900 5285 4488 4899 5571 6417 1388 9929 4000 4949 488 
9927 8711 6385 5864 8494 8116 5669 6862 3706 6957 6128 2314 5735 347 2585 6682 4111 2435 7465 8343 
5688 2750 2831 587 4674 5600 8327 955 5952 3276 1443 5879 1987 4180 8095 481 2296 3764 7344 2354 
722 3472 4668 2809 171 3606 5843 4282 2393 3309 2625 8081 2411 1809 5020 7085 3761 3347 8040 9714 
6623 5835 1945 4963 16 41 1796 2312 3805 9140 1019 879 8964 5687 40 9135 5645 5884 3417 4391 
5545 2395 2472 7956 556 7493 1394 4317 7192 5786 383 168 1622 2329 1483 7990 2370 3279 302 2527 
2420 1321 3407 7736 3361 9799 3224 5358 5683 2993 9749 1228 5388 8574 5537 2296 2419 6931 6614 9611 
2717 6997 6131 691 9326 7614 8681 8048 894 5336 576 9666 3009 335 3754 2722 134 6978 8081 2170 
9972 4182 3398 1712 2756 8935 4009 1527 2218 6975 7491 1288 3972 3622 1979 9651 1237 7013 4051 8483 
2349 4627 4501 1710 1314 8255 4433 7801 1586 8866 9971 1558 9400 9721 9622 8509 5009 9983 36 7227 
6958 7527 8515 7283 1150 6847 3286 8739 212 7337 3574 2561 8317 8075 623 9631 6330 5056 3784 7916
