9836 4218 1635 7176 7826 3755 1090 1692 5922 9203 8608 1095 9195 1659 4611 8445 7231 3953 5024 6887 
7862 6592 3878 4232 4782 5007 3816 4176 7626 1273 7552 3814 1843 9187 990 9669 2942 8433 7713 5216 
7636 6321 2663 6832 7980 7275 1629 1563 1228 6654 4802 5443 9598 8680 6027 4381 3688 6195 4909 7666 
7468 8813 1480 9311 8001 8822 5332 7295 7255 3045 8864 4892 5718 1527 8076 50 5154 6057 7966 2735 
9063 2768 4530 8662 1449 557 9395 1489 6752 656 9155 572 9469 6987 6235 3822 5809 1567 1118 3065 
964 9982 4309 3034 7861 8737 3084 9368 4794 1050 8455 210 3819 2985 8872 1620 9894 4619 9461 2998 
5275 4968 3570 4744 1955 9805 8567 7764 7724 6037 7181 8688 6019 1490 1722 232 6579 1158 5952 7726 
2209 4407 7936 2380 3744 3160 352 9990 7779 9813 2988 3054 4781 6558 4150 3088 6363 2717 852 439 
8754 8034 9127 1125 5876 7201 7710 2456 8360 3662 182 6921 8070 4470 5653 8166 7630 6005 8157 5409 
2170 1145 4815 3303 4056 8965 6391 419 8035 7243 7211 6789 1629 6338 4267 7506 3540 1977 6314 8252 
5639 2848 5173 61 7318 826 8228 4948 3183 6385 6709 5353 3882 1524 8656 7938 6841 5047 4710 4876 
8642 1921 8018 6624 4611 2285 482 8151 614 6796 2755 6253 5996 7928 2667 3314 5106 895 8262 8289 
3632 1323 9994 3866 9199 8650 1805 6040 49 2867 7269 5044 4788 5287 1668 9399 3924 8502 3903 4538 
1650 3010 7143 7646 939 9810 960 2397 7057 5574 7039 7041 3249 7033 908 2448 2036 9065 4840 2085 
1932 2109 3481 3072 3748 1501 2471 7672 3 2726 2210 1653 5737 5706 5651 3028 5516 6611 1777 2574 
8537 8816 9615 1786 2202 523 4234 4238 5940 9075 2675 7872 7536 6157 944 1285 7658 9768 8957 4014 
8846 7520 2019 4583 3226 7671 3963 8742 4282 5741 7668 9172 909 7284 958 3111 4159 1545 7349 100 
620 6377 4324 8156 2534 5269 9441 6544 1389 4751 6910 235 8623 8930 1171 1849 6601 1486 6943 7235 
3579 964 6407 4489 8248 3718 3952 8759 5263 7654 5211 2235 4031 9536 391 2917 1157 6185 9461 2546 
7288 6372 9133 5911 1654 304 4112 8255 1791 7407 1842 1722 8371 8250 6211 2971 1968 164 8083 3583 
7818 3294 5818 8201 9182 2561 1118 339 5098 579 2885 2386 3303 8371 4649 4957 8675 5113 9564 6818 
2521 1407 8541 892 6009 1104 216 4329 7620 8299 7912 1790 7945 3730 9991 7128 2643 1109 7467 7742 
8041 6705 6480 7696 5076 1130 9006 103 6243 8570 6922 5116 6329 1815 2361 8690 9271 2577 3019 6892 
7228 931 8682 5173 1013 5026 2301 3657 6135 9769 7751 528 6474 4231 8225 1550 1713 7231 8005 4309 
2153 4927 9425 4835 3094 8138 3525 8718 715 6545 5610 4295 3828 644 9469 1194 5670 1770 1203 8158 
7891 8954 8686 4365 9537 6911 2267 1251 494 273 5560 9000 1552 1337 3835 999 9476 3712 9717 6543 
6609 1679 839 438 8675 308 7984 4346 2078 9187 8856 9970 4493 7542 687 4030 806 9307 5281 7652 
5932 7193 6652 7484 8531 6839 4835 8007 552 904 4550 7161 2583 5389 3951 1259 2049 1935 1957 480 
7474 813 450 1967 4707 7489 5998 1865 3148 1279 9518 9080 4825 2522 2917 3356 9362 7752 7715 6266 
8657 2265 9779 7592 4007 83 5203 6056 8370 7160 6536 5845 4325 3338 4164 5385 7180 162 7250 328 
7794 3120 9409 2619 5643 8678 2327 1357 6430 42 7623 1439 8659 3754 9032 2666 3837 587 5075 8560 
4100 1611 757 8425 1302 4921 162 8482 1436 7413 5162 5582 533 923 4553 2528 9601 6880 3885 2384 
6922 1508 3823 5581 1615 9207 4600 5452 9795 9675 364 3895 7638 1121 8672 8940 6043 8835 3774 7479 
2600 8937 3061 9485 9860 7614 2014 9462 846 2251 1846 7768 3760 2021 9701 1727 7581 4301 3531 3728 
3976 3896 7623 1615 5017 2647 6907 1060 7834 682 4891 6786 9619 4304 2624 9479 1918 4638 5293 9116 
6889 3491 6884 7001 5513 2938 5080 3094 7239 8612 6822 7568 2508 797 5535 7525 9796 8794 4938 3983 
9476 9829 769 5447 4134 3393 1279 2404 4383 6572 1521 7625 64 4757 978 1929 7695 6059 1375 1287 
4671 4549 5207 7179 1698 7094 1056 1494 5888 5994 5477 1717 2176 6247 7164 6310 5992 8443 5066 376 
1368 6587 8001 7784 7697 5331 9713 5392 1390 1088 3031 6061 1989 4590 9592 3687 1684 649 5181 3925 
2995 7011 5642 5171 9610 9158 7833 5602 3954 2900 5978 5322 9487 331 3106 3536 5663 2819 5281 3405 
259 8312 5819 2248 9255 5411 5935 939 2412 7468 1216 1760 4479 3210 6931 4089 2369 4765 6044 2675 
7665 8374 7997 3504 8706 1103 7041 721 274 2322 4126 6885 6986 9945 5485 6241 1709 7772 3533 473 
5240 4749 2233 6072 4312 9165 6513 3033 282 2557 5708 4299 932 3705 4155 5990 1160 1196 6711 7786 
9870 7189 4671 3209 3487 6508 5802 1548 4280 9335 2021 5872 437 4255 1944 4749 9772 4810 4134 54 
7367 9842 705 4651 9899 4860 641 7411 2409 3704 5197 8631 7246 6220 1840 7085 2728 7643 8633 7008 
3330 7006 2880 3767 1261 1177 4868 7385 5987 5354 7439 9706 5196 8144 710 1447 3005 1351 8858 1766 
1408 4055 397 5006 275 2238 2091 9355 6233 7076 6363 9563 4082 5596 9683 1696 6773 903 9081 9112 
6258 2873 5170 7806 1017 5880 9254 374 3584 8112 2140 1344 8520 8890 6350 5147 1128 4793 4503 7361 
1869 7218 3276 2303 2814 9311 3999 5939 215 3081 1403 6473 5954 2926 631 3323 8806 9885 50 8742 
4350 8542 86 9222 7432 2788 721 4912 3933 1576 8625 2154 8795 1902 4458 7961 1213 4809 253 7780
